79,4
79,3
79,2
79,1
79,0
2,14
78,3
78,2
78,1
78,0
2,13
77,6
77,5
77,4
77,3
77,2
77,1
77,0
76,5
76,4
76,3
76,2
76,1
76,0
75,4
75,3
75,2
75,1
75,0
74,3
74,2
74,1
74,0
73,3
73,2
73,1
73,0
2,12
72,4
2,11
72,3
72,2
72,1
72,0
71,3
71,2
71,1
71,0
70,3
70,2
70,1
70,0
0,439
69,3
69,2
69,1
69,0
68,3
68,2
68,1
68,0
67,3
67,2
67,1
67,0
66,3
66,2
66,1
66,0
65,3
65,2
65,1
65,0
64,5
0,438
64,4
64,3
64,2
64,1
64,0
63,3
63,2
63,1
63,0
62,4
62,3
62,2
62,1
62,0
61,5
61,4
61,3
61,2
61,1
61,0
60,3
60,2
60,1
60,0
0,437
59,5
59,4
59,3
59,2
59,1
59,0
58,4
58,3
58,2
58,1
58,0
57,4
57,3
57,2
57,1
57,0
55,5
56,4
56,3
56,2
0,436
56,1
56,0
55,4
55,3
55,2
55,1
55,0
54,3
54,2
54,1
54,0
53,5
53,4
53,3
53,2
53,1
53,0
52,3
52,2
52,1
52,0
51,3
51,2
51,1
51,0
50,3
50,2
50,1
50,0
49,5
49,4
49,3
49,2
49,1
49,0
48,3
48,2
48,1
48,0
47,3
47,2
47,1
47,0
46,3
46,2
46,1
46,0
45,4
45,3
45,2
45,1
45,0
44,4
44,3
44,2
44,1
44,0
43,5
0,435
0,434
43,4
43,3
43,2
0,433
43,1
43,0
2,10
0,432
0,431
42,4
42,3
42,2
0,430
42,1
42,0
0,429
0,428
41,5
41,4
41,3
41,2
0,427
0,426
0,425
41,1
41,0
0,424
0,423
40,5
40,4
40,3
40,2
0,422
40,1
40,0
0,421
0,420
39,5
39,4
39,3
39,2
0,419
39,1
39,0
0,418
0,417
38,6
38,5
38,4
38,3
38,2
0,416
38,1
38,0
0,415
0,414
0,413
37,4
0,412
2,9
0,411
0,410
37,3
37,2
0,409
0,408
37,1
37,0
0,407
0,406
36,4
36,3
36,2
0,405
36,1
36,0
0,404
0,403
35,4
35,3
35,2
0,402
35,1
35,0
0,401
0,400
34,5
34,4
34,3
34,2
0,399
34,1
34,0
0,398
0,397
33,4
33,3
33,2
0,396
33,1
33,0
0,395
0,394
32,3
32,2
0,393
32,1
32,0
0,392
0,391
31,5
31,4
31,3
31,2
0,390
31,1
31,0
0,389
0,388
30,4
30,3
30,2
0,387
30,1
30,0
0,386
0,385
29,4
29,3
29,2
0,384
29,1
29,0
0,383
0,382
28,3
28,2
0,381
28,1
28,0
0,380
0,379
0,378
27,3
27,2
0,377
27,1
27,0
2,8
0,376
0,375
26,4
26,3
26,2
0,374
26,1
26,0
2,7
2,6
0,373
0,372
25,5
25,4
25,3
25,2
0,371
25,1
25,0
0,370
0,369
24,5
24,4
24,3
24,2
0,368
24,1
24,0
0,367
0,366
23,4
23,3
23,2
0,365
23,1
23,0
0,364
0,363
22,5
22,4
22,3
22,2
0,362
22,1
22,0
0,361
0,360
21,5
21,4
21,3
21,2
0,359
21,1
21,0
2,5
2,4
0,358
0,357
20,4
20,3
20,2
0,356
20,1
20,0
0,355
0,354
19,4
19,3
19,2
0,353
19,1
19,0
0,352
0,351
18,4
18,3
18,2
0,350
18,1
18,0
0,349
0,348
17,4
17,3
17,2
0,347
17,1
17,0
0,346
0,345
16,6
16,5
16,4
16,3
16,2
0,344
16,1
16,0
0,343
0,342
15,3
15,2
0,341
15,1
15,0
0,340
0,339
14,4
14,3
14,2
0,338
14,1
14,0
0,337
0,336
13,7
13,6
13,5
13,4
13,3
13,2
0,335
13,1
13,0
0,334
0,333
12,4
12,3
12,2
0,332
12,1
12,0
0,331
0,330
11,5
11,4
11,3
11,2
0,329
11,1
11,0
0,328
0,327
10,5
10,4
10,3
10,2
0,326
10,1
10,0
0,325
0,324
9,4
9,3
9,2
0,323
0,322
9,1
9,0
0,321
0,320
8,4
8,3
8,2
0,319
8,1
8,0
0,318
0,317
7,4
7,3
7,2
7,1
7,0
6,3
6,2
6,1
6,0
5,4
5,3
5,2
5,1
5,0
4,3
4,2
4,1
4,0
3,6
3,5
3,4
3,3
3,2
3,1
3,0
2,2
2,1
2,0
1,2
1,1
1,0
1,3
0,243
0,1
0,0
2,3
0,9
0,310
0,305
0,308
0,304
0,303
0,302
0,307
0,12
0,10
0,8
0,300
0,299
0,298
0,297
0,296
0,295
0,294
0,293
0,292
0,291
0,290
0,289
0,288
0,287
0,286
0,285
0,284
0,283
0,282
0,281
0,280
0,279
0,278
0,277
0,276
0,275
0,274
0,273
0,272
0,271
0,270
0,269
0,268
0,267
0,266
0,265
0,264
0,263
0,262
0,261
0,260
0,259
0,258
0,257
0,256
0,255
0,254
0,253
0,252
0,251
0,250
0,249
0,248
0,247
0,246
0,245
0,244
0,242
0,241
0,240
0,239
0,238
0,237
0,236
0,235
0,234
0,233
0,232
0,231
0,230
0,229
0,228
0,227
0,226
0,225
0,224
0,223
0,222
0,221
0,220
0,219
0,218
0,217
0,216
0,215
0,214
0,213
0,212
0,211
0,210
0,209
0,208
0,207
0,206
0,205
0,204
0,203
0,202
0,201
0,200
0,199
0,198
0,197
0,196
0,195
0,194
0,193
0,192
0,63
0,62
0,61
0,60
0,59
0,58
0,57
0,56
0,55
0,54
0,53
0,316
0,52
0,315
0,51
0,314
0,50
0,313
0,49
0,312
0,48
0,311
0,47
0,309
0,46
0,306
0,45
0,301
0,6
0,5
0,11
0,4
0,2
0,3
0,7
